16:2822:2	2	0	0
1:1330:66	1	0	0
1:1436:90	945	1	0.0011
1:1437:90	1326	15	0.0113
1:1438:90	1246	2	0.0016
1:1439:90	1970	9	0.0046
1:1440:90	2395	21	0.0088
1:1441:90	1851	8	0.0043
1:1442:90	16084	34	0.0021
1:1443:90	13757	39	0.0028
1:1444:90	13972	34	0.0024
1:1488:92	1565	14	0.0089
1:1489:92	13007	184	0.0141
1:1493:92	4828	42	0.0087
1:1494:92	330615	3826	0.0116
1:1499:92	483130	2997	0.0062
1:1500:92	385838	2545	0.0066
1:1522:92	1115	7	0.0063
1:1523:92	234	2	0.0085
1:1524:92	948	9	0.0095
1:1525:92	1190	7	0.0059
1:1526:92	2441	15	0.0061
1:1527:92	2283	12	0.0053
1:1528:92	4193	57	0.0136
1:1529:92	2404	23	0.0096
1:1530:92	33035	108	0.0033
1:1531:92	4657	13	0.0028
1:1532:92	114478	515	0.0045
1:1533:92	16712	61	0.0037
1:1537:90	2211	6	0.0027
1:1538:90	2263	20	0.0088
1:1539:90	1980	9	0.0045
1:1678:92	2208	15	0.0068
1:1679:92	755	0	0
1:1680:92	4050	24	0.0059
1:1681:92	16441	38	0.0023
1:1682:92	4691	10	0.0021
1:1683:92	4629	16	0.0035
1:1837:92	559	5	0.0089
1:1838:92	642	7	0.0109
1:1839:92	4135	32	0.0077
1:1840:92	238	1	0.0042
1:1841:92	4377	33	0.0075
1:1842:92	2578	11	0.0043
1:1843:92	6633	102	0.0154
1:1844:92	2134	15	0.007
1:1848:92	33231	151	0.0045
1:1850:92	4550	15	0.0033
1:1851:92	296665	1485	0.005
1:1852:92	4640	17	0.0037
1:1866:132	1	0	0
1:1871:132	4	0	0
1:1872:132	1	0	0
1:1875:132	1	0	0
1:1876:132	47	2	0.0426
1:1877:132	2	0	0
1:2358:132	1	0	0
1:2360:132	1	0	0
1:2362:132	12	1	0.0833
1:2365:132	4	0	0
1:2366:132	2	0	0
1:2367:132	1	0	0
1:2368:132	1	1	1
1:2369:132	1	0	0
1:2671:157	5	0	0
1:2699:132	1	0	0
1:2700:132	1	0	0
1:2718:132	1	0	0
1:2719:132	2	0	0
1:2720:132	2	0	0
1:2783:154	1	0	0
1:2847:160	1	0	0
1:2848:160	4	0	0
1:2852:160	1	1	1
1:2854:160	1	0	0
1:2855:160	1	0	0
1:2856:160	1	1	1
1:2903:92	6	0	0
1:2962:67	1116	5	0.0045
1:2963:67	1943	24	0.0124
1:2964:67	1915	6	0.0031
1:2965:67	656	2	0.003
1:2966:67	1938	8	0.0041
1:2967:67	4946	34	0.0069
1:2968:67	4902	52	0.0106
1:2969:67	4823	36	0.0075
1:2970:67	5000	43	0.0086
1:2971:67	2446	12	0.0049
1:2972:67	41642	184	0.0044
1:2973:67	315551	1407	0.0045
1:2974:67	86012	417	0.0048
1:2975:67	23980	77	0.0032
1:2976:67	23327	70	0.003
1:3025:166	233	2	0.0086
1:3026:166	726	4	0.0055
1:3027:166	675	2	0.003
1:3028:166	680	5	0.0074
1:3029:166	424	10	0.0236
1:3030:166	233	6	0.0258
1:3058:166	1082	19	0.0176
1:3059:166	926	10	0.0108
1:3120:160	1	0	0
1:3245:174	848	4	0.0047
1:3246:174	2055	27	0.0131
1:3247:174	6656	161	0.0242
1:3248:174	74370	1179	0.0159
1:3249:174	613	3	0.0049
1:3250:174	1593	8	0.005
1:3251:174	1578	17	0.0108
1:3252:174	1670	24	0.0144
1:3253:174	55277	594	0.0107
1:3254:174	1659	16	0.0096
1:3255:174	10913	55	0.005
1:3256:174	44786	275	0.0061
1:3257:174	115093	793	0.0069
1:3258:174	193078	1301	0.0067
1:3259:174	10578	68	0.0064
1:3260:175	9	0	0
1:3262:175	1	0	0
1:3264:175	1	0	0
1:3265:175	1	0	0
1:3266:175	11	0	0
1:3270:175	20	0	0
1:3271:175	13	0	0
1:3306:166	986	10	0.0101
1:3307:166	974	13	0.0133
1:3308:166	948	12	0.0127
1:3309:166	627	2	0.0032
1:3310:166	667	4	0.006
1:3319:166	1	0	0
1:3354:90	950	3	0.0032
1:3355:90	1033	6	0.0058
1:3356:90	951	2	0.0021
1:3357:90	1003	7	0.007
1:3358:90	3129	36	0.0115
1:3359:90	1047	8	0.0076
1:3360:90	2548	24	0.0094
1:3361:90	4898	50	0.0102
1:3362:90	2597	22	0.0085
1:3363:90	5751	54	0.0094
1:3364:90	1776	22	0.0124
1:3365:90	1814	8	0.0044
1:3367:90	14204	65	0.0046
1:3370:90	14061	64	0.0046
1:3371:90	14059	56	0.004
1:3402:179	214	1	0.0047
1:3403:179	214	3	0.014
1:3404:179	233	2	0.0086
1:3405:179	217	1	0.0046
1:3406:179	219	2	0.0091
1:3407:179	711	4	0.0056
1:3408:179	885	10	0.0113
1:3409:179	673	5	0.0074
1:3410:179	696	14	0.0201
1:3411:179	654	12	0.0183
1:3412:179	50512	253	0.005
1:3413:179	8137	32	0.0039
1:3414:179	8208	30	0.0037
1:3415:179	131333	665	0.0051
1:3416:179	8366	26	0.0031
1:3516:183	183	5	0.0273
1:3517:183	196	3	0.0153
1:3518:183	167	1	0.006
1:3519:183	181	3	0.0166
1:3520:183	2777	63	0.0227
1:3521:183	380	1	0.0026
1:3522:183	525	8	0.0152
1:3523:183	554	11	0.0199
1:3524:183	521	1	0.0019
1:3525:183	582	2	0.0034
1:3526:183	548	3	0.0055
1:3527:183	724	17	0.0235
1:3529:183	6175	25	0.004
1:3530:183	7907	33	0.0042
1:3531:183	6031	37	0.0061
1:3532:183	5998	27	0.0045
1:3533:183	5968	21	0.0035
1:3534:183	114303	1253	0.011
1:3550:166	658	1	0.0015
1:3551:166	922	12	0.013
1:3552:166	922	7	0.0076
1:3553:166	954	6	0.0063
1:3554:166	40817	811	0.0199
1:3566:183	1	0	0
1:3575:166	1	0	0
1:3576:166	3	0	0
1:3577:166	1	0	0
1:3578:166	1	0	0
1:3598:184	288	3	0.0104
1:3600:184	21906	392	0.0179
1:3602:184	222	2	0.009
1:3604:184	221	1	0.0045
1:3606:184	216	2	0.0093
1:3607:184	13826	184	0.0133
1:3609:184	677	13	0.0192
1:3610:184	651	6	0.0092
1:3611:184	647	4	0.0062
1:3612:184	674	9	0.0134
1:3614:184	11203	54	0.0048
1:3616:184	176252	1022	0.0058
1:3617:184	1	0	0
1:3635:186	1	0	0
1:3641:186	2	0	0
1:3643:186	2	0	0
1:3644:186	9	0	0
1:3646:178	1	0	0
1:3650:178	1	0	0
1:3651:178	1	0	0
1:3652:178	1	0	0
1:3653:178	1	0	0
1:3654:178	5	2	0.4
1:3660:187	35	3	0.0857
1:3670:187	5	0	0
1:3674:187	5	1	0.2
1:3675:187	1	0	0
1:3707:183	5	0	0
1:3714:190	1	0	0
1:3717:190	7	0	0
1:3719:190	2	3	1.5
1:3721:190	1	0	0
1:3724:190	1	0	0
1:3727:190	15	1	0.0667
1:3728:190	1	0	0
1:3729:190	6	0	0
1:3730:190	47	4	0.0851
1:3731:190	3	0	0
1:3732:190	4	0	0
1:3733:190	10	0	0
1:3734:190	3	0	0
1:3739:191	28641	447	0.0156
1:3740:191	3238	33	0.0102
1:3741:191	2840	35	0.0123
1:3742:191	1027	7	0.0068
1:3743:191	1416	15	0.0106
1:3744:191	41857	634	0.0151
1:3745:191	4396	64	0.0146
1:3746:191	47059	500	0.0106
1:3747:191	4368	44	0.0101
1:3748:191	2497	33	0.0132
1:3749:191	2602	24	0.0092
1:3750:191	93642	1787	0.0191
1:3751:191	23919	134	0.0056
1:3752:191	109256	815	0.0075
1:3753:191	14411	50	0.0035
1:3754:191	63182	442	0.007
1:3755:191	85163	560	0.0066
1:3756:191	800711	5170	0.0065
1:587:90	987	2	0.002
1:589:90	1622	22	0.0136
1:590:90	984	5	0.0051
1:591:90	1103	5	0.0045
1:592:90	2515	29	0.0115
1:594:90	1870	11	0.0059
1:595:90	2054	14	0.0068
1:596:90	6311	54	0.0086
1:598:90	14322	56	0.0039
1:600:90	14506	72	0.005
1:601:90	124149	597	0.0048
1:603:90	13955	46	0.0033
1:853:90	961	4	0.0042
1:854:90	995	3	0.003
1:855:90	894	1	0.0011
1:856:90	2154	19	0.0088
1:857:90	2376	17	0.0072
1:858:90	1830	10	0.0055
1:859:90	14159	53	0.0037
1:860:90	137577	611	0.0044
1:861:90	13970	39	0.0028
21:1202:39	1	0	0
2:1214:118	1	0	0
2:1436:90	676	0	0
2:1437:90	1620	15	0.0093
2:1438:90	1104	5	0.0045
2:1439:90	264	0	0
2:1440:90	572	2	0.0035
2:1441:90	177	1	0.0056
2:1442:90	1846	5	0.0027
2:1443:90	1453	4	0.0028
2:1444:90	1503	1	0.0007
2:1488:92	2044	18	0.0088
2:1489:92	12988	133	0.0102
2:1493:92	1420	5	0.0035
2:1494:92	44985	271	0.006
2:1499:92	53567	441	0.0082
2:1500:92	18536	193	0.0104
2:1522:92	712	5	0.007
2:1523:92	170	1	0.0059
2:1524:92	658	6	0.0091
2:1525:92	938	4	0.0043
2:1526:92	1103	7	0.0063
2:1527:92	404	2	0.005
2:1528:92	1259	7	0.0056
2:1529:92	355	1	0.0028
2:1530:92	3567	23	0.0064
2:1531:92	522	1	0.0019
2:1532:92	10541	88	0.0083
2:1533:92	1763	3	0.0017
2:1537:90	214	1	0.0047
2:1538:90	548	5	0.0091
2:1539:90	319	1	0.0031
2:1589:39	1	0	0
2:1678:92	416	3	0.0072
2:1679:92	227	0	0
2:1680:92	1294	7	0.0054
2:1681:92	1730	6	0.0035
2:1682:92	505	0	0
2:1683:92	511	4	0.0078
2:1837:92	422	2	0.0047
2:1838:92	402	0	0
2:1839:92	6926	71	0.0103
2:1840:92	163	0	0
2:1841:92	1309	11	0.0084
2:1842:92	1078	6	0.0056
2:1843:92	1654	4	0.0024
2:1844:92	309	1	0.0032
2:1848:92	3481	25	0.0072
2:1850:92	518	0	0
2:1851:92	26234	191	0.0073
2:1852:92	497	1	0.002
2:1864:132	1	0	0
2:1872:132	1	1	1
2:1876:132	1	0	0
2:2362:132	5	2	0.4
2:2702:132	1	0	0
2:2859:2	1	0	0
2:2962:67	859	9	0.0105
2:2963:67	1778	16	0.009
2:2964:67	1297	4	0.0031
2:2965:67	534	2	0.0037
2:2966:67	1238	10	0.0081
2:2967:67	7452	25	0.0034
2:2968:67	5858	30	0.0051
2:2969:67	1557	6	0.0039
2:2970:67	1639	15	0.0092
2:2971:67	1165	3	0.0026
2:2972:67	4746	12	0.0025
2:2973:67	91552	457	0.005
2:2974:67	10134	40	0.0039
2:2975:67	5920	20	0.0034
2:2976:67	4298	16	0.0037
2:3025:166	177	0	0
2:3026:166	456	1	0.0022
2:3027:166	457	0	0
2:3028:166	438	1	0.0023
2:3029:166	858	9	0.0105
2:3030:166	195	2	0.0103
2:3058:166	4419	48	0.0109
2:3059:166	649	3	0.0046
2:3245:174	489	2	0.0041
2:3246:174	753	8	0.0106
2:3247:174	1947	39	0.02
2:3248:174	16968	219	0.0129
2:3249:174	412	11	0.0267
2:3250:174	481	4	0.0083
2:3251:174	529	0	0
2:3252:174	506	4	0.0079
2:3253:174	11770	88	0.0075
2:3254:174	540	2	0.0037
2:3255:174	1247	1	0.0008
2:3256:174	2289	29	0.0127
2:3257:174	6593	86	0.013
2:3258:174	17038	178	0.0104
2:3259:174	1129	5	0.0044
2:3260:175	2	0	0
2:3266:175	1	0	0
2:3306:166	1066	8	0.0075
2:3307:166	789	8	0.0101
2:3308:166	681	5	0.0073
2:3309:166	453	1	0.0022
2:3310:166	442	3	0.0068
2:3354:90	685	0	0
2:3355:90	743	3	0.004
2:3356:90	738	3	0.0041
2:3357:90	720	6	0.0083
2:3358:90	15707	154	0.0098
2:3359:90	927	8	0.0086
2:3360:90	648	3	0.0046
2:3361:90	2908	12	0.0041
2:3362:90	776	4	0.0052
2:3363:90	3086	24	0.0078
2:3364:90	227	1	0.0044
2:3365:90	179	3	0.0168
2:3367:90	1543	3	0.0019
2:3370:90	1552	8	0.0052
2:3371:90	1484	11	0.0074
2:3402:179	428	1	0.0023
2:3403:179	121	2	0.0165
2:3404:179	166	1	0.006
2:3405:179	127	0	0
2:3406:179	142	1	0.007
2:3407:179	393	1	0.0025
2:3408:179	1162	6	0.0052
2:3409:179	395	1	0.0025
2:3410:179	416	3	0.0072
2:3411:179	382	3	0.0079
2:3412:179	3376	32	0.0095
2:3413:179	810	4	0.0049
2:3414:179	837	0	0
2:3415:179	14397	94	0.0065
2:3416:179	778	4	0.0051
2:3516:183	123	0	0
2:3517:183	109	0	0
2:3518:183	114	1	0.0088
2:3519:183	123	0	0
2:3520:183	3304	42	0.0127
2:3521:183	197	1	0.0051
2:3522:183	652	4	0.0061
2:3523:183	348	0	0
2:3524:183	337	1	0.003
2:3525:183	375	2	0.0053
2:3526:183	338	1	0.003
2:3527:183	1400	12	0.0086
2:3529:183	553	0	0
2:3530:183	1451	8	0.0055
2:3531:183	559	2	0.0036
2:3532:183	530	3	0.0057
2:3533:183	516	0	0
2:3534:183	6601	123	0.0186
2:3550:166	455	2	0.0044
2:3551:166	770	6	0.0078
2:3552:166	641	2	0.0031
2:3553:166	789	15	0.019
2:3554:166	26133	426	0.0163
2:3571:166	1	0	0
2:3598:184	166	3	0.0181
2:3600:184	6524	120	0.0184
2:3602:184	147	0	0
2:3604:184	256	2	0.0078
2:3606:184	138	1	0.0072
2:3607:184	15076	90	0.006
2:3609:184	390	3	0.0077
2:3610:184	367	2	0.0054
2:3611:184	388	1	0.0026
2:3612:184	393	0	0
2:3614:184	3590	11	0.0031
2:3616:184	11078	77	0.007
2:3660:187	10	1	0.1
2:3726:190	3	0	0
2:3727:190	4	0	0
2:3730:190	1	0	0
2:3739:191	18046	219	0.0121
2:3740:191	1957	20	0.0102
2:3741:191	2086	11	0.0053
2:3742:191	683	5	0.0073
2:3743:191	1720	17	0.0099
2:3744:191	43282	483	0.0112
2:3745:191	1676	12	0.0072
2:3746:191	5638	41	0.0073
2:3747:191	1619	12	0.0074
2:3748:191	2000	19	0.0095
2:3749:191	1277	6	0.0047
2:3750:191	59623	543	0.0091
2:3751:191	2366	11	0.0046
2:3752:191	6767	76	0.0112
2:3753:191	1528	6	0.0039
2:3754:191	3851	26	0.0068
2:3755:191	4764	54	0.0113
2:3756:191	49738	445	0.0089
2:587:90	698	0	0
2:589:90	2869	26	0.0091
2:590:90	736	2	0.0027
2:591:90	768	4	0.0052
2:592:90	723	0	0
2:594:90	177	0	0
2:595:90	277	4	0.0144
2:596:90	2619	12	0.0046
2:598:90	1544	3	0.0019
2:600:90	1684	8	0.0048
2:601:90	12025	55	0.0046
2:603:90	1534	4	0.0026
2:853:90	636	1	0.0016
2:854:90	824	8	0.0097
2:855:90	674	0	0
2:856:90	221	0	0
2:857:90	573	3	0.0052
2:858:90	176	2	0.0114
2:859:90	1533	7	0.0046
2:860:90	45138	181	0.004
2:861:90	1599	4	0.0025
3:1436:90	444	2	0.0045
3:1437:90	2541	9	0.0035
3:1438:90	1538	4	0.0026
3:1439:90	203	0	0
3:1440:90	194	0	0
3:1441:90	133	0	0
3:1442:90	909	1	0.0011
3:1443:90	832	3	0.0036
3:1444:90	816	1	0.0012
3:1488:92	2015	16	0.0079
3:1489:92	4088	64	0.0157
3:1493:92	1060	8	0.0075
3:1494:92	19346	85	0.0044
3:1499:92	21997	139	0.0063
3:1500:92	8881	67	0.0075
3:1522:92	497	3	0.006
3:1523:92	118	2	0.0169
3:1524:92	1119	7	0.0063
3:1525:92	842	3	0.0036
3:1526:92	810	4	0.0049
3:1527:92	234	0	0
3:1528:92	946	2	0.0021
3:1529:92	281	2	0.0071
3:1530:92	1971	4	0.002
3:1531:92	296	0	0
3:1532:92	10317	46	0.0045
3:1533:92	990	3	0.003
3:1537:90	157	0	0
3:1538:90	194	2	0.0103
3:1539:90	154	0	0
3:1678:92	267	1	0.0037
3:1679:92	166	0	0
3:1680:92	973	4	0.0041
3:1681:92	933	0	0
3:1682:92	288	0	0
3:1683:92	306	1	0.0033
3:1837:92	315	1	0.0032
3:1838:92	526	1	0.0019
3:1839:92	21173	156	0.0074
3:1840:92	135	0	0
3:1841:92	930	4	0.0043
3:1842:92	793	3	0.0038
3:1843:92	1234	4	0.0032
3:1844:92	290	1	0.0034
3:1848:92	2078	13	0.0063
3:1850:92	274	2	0.0073
3:1851:92	10801	72	0.0067
3:1852:92	301	1	0.0033
3:2362:132	5	0	0
3:2700:132	1	0	0
3:2962:67	1146	3	0.0026
3:2963:67	6362	34	0.0053
3:2964:67	934	4	0.0043
3:2965:67	1122	3	0.0027
3:2966:67	888	4	0.0045
3:2967:67	2029	7	0.0034
3:2968:67	19229	42	0.0022
3:2969:67	1098	1	0.0009
3:2970:67	1903	6	0.0032
3:2971:67	788	1	0.0013
3:2972:67	4090	13	0.0032
3:2973:67	56000	222	0.004
3:2974:67	8918	24	0.0027
3:2975:67	2342	11	0.0047
3:2976:67	1743	4	0.0023
3:3025:166	138	1	0.0072
3:3026:166	321	1	0.0031
3:3027:166	341	2	0.0059
3:3028:166	329	4	0.0122
3:3029:166	994	8	0.008
3:3030:166	122	0	0
3:3058:166	4794	51	0.0106
3:3059:166	869	4	0.0046
3:3110:160	1	0	0
3:3245:174	325	2	0.0062
3:3246:174	395	2	0.0051
3:3247:174	779	20	0.0257
3:3248:174	5979	90	0.0151
3:3249:174	342	4	0.0117
3:3250:174	394	0	0
3:3251:174	391	2	0.0051
3:3252:174	376	1	0.0027
3:3253:174	16424	73	0.0044
3:3254:174	379	1	0.0026
3:3255:174	660	3	0.0045
3:3256:174	1159	7	0.006
3:3257:174	6405	40	0.0062
3:3258:174	11708	82	0.007
3:3259:174	690	6	0.0087
3:3306:166	542	9	0.0166
3:3307:166	706	9	0.0127
3:3308:166	498	1	0.002
3:3309:166	304	1	0.0033
3:3310:166	315	2	0.0063
3:3354:90	507	2	0.0039
3:3355:90	858	7	0.0082
3:3356:90	545	3	0.0055
3:3357:90	895	5	0.0056
3:3358:90	12959	124	0.0096
3:3359:90	919	3	0.0033
3:3360:90	893	2	0.0022
3:3361:90	883	8	0.0091
3:3362:90	265	0	0
3:3363:90	922	5	0.0054
3:3364:90	804	0	0
3:3365:90	124	0	0
3:3367:90	816	0	0
3:3370:90	831	3	0.0036
3:3371:90	846	2	0.0024
3:3402:179	1839	10	0.0054
3:3403:179	100	1	0.01
3:3404:179	99	0	0
3:3405:179	98	3	0.0306
3:3406:179	96	0	0
3:3407:179	2657	6	0.0023
3:3408:179	10960	37	0.0034
3:3409:179	294	1	0.0034
3:3410:179	267	4	0.015
3:3411:179	254	2	0.0079
3:3412:179	1318	9	0.0068
3:3413:179	406	0	0
3:3414:179	410	0	0
3:3415:179	4398	37	0.0084
3:3416:179	389	3	0.0077
3:3516:183	74	0	0
3:3517:183	77	0	0
3:3518:183	79	0	0
3:3519:183	86	0	0
3:3520:183	5848	86	0.0147
3:3521:183	381	2	0.0052
3:3522:183	278	2	0.0072
3:3523:183	246	1	0.0041
3:3524:183	251	1	0.004
3:3525:183	335	1	0.003
3:3526:183	240	0	0
3:3527:183	2462	16	0.0065
3:3529:183	283	3	0.0106
3:3530:183	5372	35	0.0065
3:3531:183	272	2	0.0074
3:3532:183	287	0	0
3:3533:183	333	2	0.006
3:3534:183	2116	61	0.0288
3:3550:166	292	2	0.0068
3:3551:166	1218	5	0.0041
3:3552:166	449	3	0.0067
3:3553:166	630	5	0.0079
3:3554:166	8577	162	0.0189
3:3598:184	104	1	0.0096
3:3600:184	3053	56	0.0183
3:3602:184	93	2	0.0215
3:3604:184	94	0	0
3:3606:184	220	2	0.0091
3:3607:184	8825	42	0.0048
3:3609:184	319	3	0.0094
3:3610:184	300	1	0.0033
3:3611:184	272	1	0.0037
3:3612:184	280	0	0
3:3614:184	3382	11	0.0033
3:3616:184	3811	19	0.005
3:3660:187	4	1	0.25
3:3662:187	2	0	0
3:3715:190	1	0	0
3:3718:190	1	0	0
3:3726:190	1	0	0
3:3730:190	1	0	0
3:3739:191	9405	129	0.0137
3:3740:191	1112	5	0.0045
3:3741:191	1226	4	0.0033
3:3742:191	530	2	0.0038
3:3743:191	634	7	0.011
3:3744:191	21206	265	0.0125
3:3745:191	1574	7	0.0044
3:3746:191	9679	31	0.0032
3:3747:191	1209	8	0.0066
3:3748:191	3410	34	0.01
3:3749:191	855	4	0.0047
3:3750:191	20718	186	0.009
3:3751:191	1289	7	0.0054
3:3752:191	3669	27	0.0074
3:3753:191	764	1	0.0013
3:3754:191	2399	12	0.005
3:3755:191	3209	18	0.0056
3:3756:191	18372	141	0.0077
3:587:90	556	1	0.0018
3:589:90	2758	22	0.008
3:590:90	499	9	0.018
3:591:90	841	4	0.0048
3:592:90	607	1	0.0016
3:594:90	137	0	0
3:595:90	146	0	0
3:596:90	803	5	0.0062
3:598:90	864	4	0.0046
3:600:90	858	5	0.0058
3:601:90	9704	46	0.0047
3:603:90	846	1	0.0012
3:853:90	546	2	0.0037
3:854:90	699	5	0.0072
3:855:90	423	1	0.0024
3:856:90	185	0	0
3:857:90	238	4	0.0168
3:858:90	125	0	0
3:859:90	862	1	0.0012
3:860:90	21429	89	0.0042
3:861:90	865	1	0.0012
4:1436:90	74	0	0
4:1437:90	421	3	0.0071
4:1438:90	169	1	0.0059
4:1439:90	118	0	0
4:1440:90	156	0	0
4:1441:90	116	0	0
4:1442:90	722	1	0.0014
4:1443:90	522	0	0
4:1444:90	527	0	0
4:1488:92	338	3	0.0089
4:1489:92	404	1	0.0025
4:1493:92	2177	10	0.0046
4:1494:92	10174	36	0.0035
4:1499:92	10064	49	0.0049
4:1500:92	5411	33	0.0061
4:1522:92	119	0	0
4:1523:92	28	0	0
4:1524:92	132	2	0.0152
4:1525:92	110	2	0.0182
4:1526:92	621	1	0.0016
4:1527:92	230	0	0
4:1528:92	1507	1	0.0007
4:1529:92	251	0	0
4:1530:92	1201	9	0.0075
4:1531:92	190	1	0.0053
4:1532:92	12040	58	0.0048
4:1533:92	886	2	0.0023
4:1537:90	120	0	0
4:1538:90	153	0	0
4:1539:90	131	0	0
4:1678:92	224	0	0
4:1679:92	131	1	0.0076
4:1680:92	793	4	0.005
4:1681:92	580	0	0
4:1682:92	171	0	0
4:1683:92	177	0	0
4:1837:92	54	0	0
4:1838:92	77	2	0.026
4:1839:92	3981	24	0.006
4:1840:92	31	0	0
4:1841:92	2143	4	0.0019
4:1842:92	612	4	0.0065
4:1843:92	7418	14	0.0019
4:1844:92	204	1	0.0049
4:1848:92	1246	4	0.0032
4:1850:92	204	0	0
4:1851:92	6532	36	0.0055
4:1852:92	172	0	0
4:1869:132	1	0	0
4:2362:132	1	0	0
4:2962:67	325	2	0.0062
4:2963:67	4038	21	0.0052
4:2964:67	348	4	0.0115
4:2965:67	80	0	0
4:2966:67	189	0	0
4:2967:67	1994	7	0.0035
4:2968:67	20959	44	0.0021
4:2969:67	1801	6	0.0033
4:2970:67	1870	3	0.0016
4:2971:67	836	2	0.0024
4:2972:67	2212	6	0.0027
4:2973:67	20570	86	0.0042
4:2974:67	5414	13	0.0024
4:2975:67	1160	6	0.0052
4:2976:67	1015	1	0.001
4:3025:166	33	1	0.0303
4:3026:166	51	0	0
4:3027:166	56	1	0.0179
4:3028:166	44	0	0
4:3029:166	93	0	0
4:3030:166	20	0	0
4:3058:166	753	15	0.0199
4:3059:166	114	0	0
4:3245:174	69	0	0
4:3246:174	99	0	0
4:3247:174	180	3	0.0167
4:3248:174	1676	9	0.0054
4:3249:174	60	0	0
4:3250:174	321	0	0
4:3251:174	285	2	0.007
4:3252:174	604	3	0.005
4:3253:174	4438	10	0.0023
4:3254:174	283	0	0
4:3255:174	485	1	0.0021
4:3256:174	2225	8	0.0036
4:3257:174	3795	33	0.0087
4:3258:174	6704	59	0.0088
4:3259:174	511	1	0.002
4:3306:166	65	2	0.0308
4:3307:166	98	1	0.0102
4:3308:166	75	2	0.0267
4:3309:166	57	0	0
4:3310:166	56	1	0.0179
4:3354:90	76	0	0
4:3355:90	183	0	0
4:3356:90	138	0	0
4:3357:90	133	0	0
4:3358:90	1176	10	0.0085
4:3359:90	150	0	0
4:3360:90	314	1	0.0032
4:3361:90	417	3	0.0072
4:3362:90	189	0	0
4:3363:90	469	4	0.0085
4:3364:90	1773	6	0.0034
4:3365:90	100	0	0
4:3367:90	623	5	0.008
4:3370:90	898	4	0.0045
4:3371:90	505	1	0.002
4:3402:179	81	1	0.0123
4:3403:179	18	0	0
4:3404:179	6	0	0
4:3405:179	21	0	0
4:3406:179	10	0	0
4:3407:179	1178	3	0.0025
4:3408:179	3308	18	0.0054
4:3409:179	206	1	0.0049
4:3410:179	202	0	0
4:3411:179	211	1	0.0047
4:3412:179	1910	11	0.0058
4:3413:179	888	1	0.0011
4:3414:179	230	0	0
4:3415:179	2122	6	0.0028
4:3416:179	272	4	0.0147
4:3516:183	20	0	0
4:3517:183	14	0	0
4:3518:183	12	0	0
4:3519:183	12	0	0
4:3520:183	554	8	0.0144
4:3521:183	40	0	0
4:3522:183	391	3	0.0077
4:3523:183	210	1	0.0048
4:3524:183	165	0	0
4:3525:183	6895	14	0.002
4:3526:183	174	0	0
4:3527:183	2902	15	0.0052
4:3529:183	187	1	0.0053
4:3530:183	3605	15	0.0042
4:3531:183	166	0	0
4:3532:183	178	1	0.0056
4:3533:183	181	0	0
4:3534:183	1009	20	0.0198
4:3550:166	44	1	0.0227
4:3551:166	117	1	0.0085
4:3552:166	60	1	0.0167
4:3553:166	77	1	0.013
4:3554:166	1375	25	0.0182
4:3598:184	34	2	0.0588
4:3600:184	464	6	0.0129
4:3602:184	14	0	0
4:3604:184	15	0	0
4:3606:184	60	0	0
4:3607:184	5884	29	0.0049
4:3609:184	212	1	0.0047
4:3610:184	205	0	0
4:3611:184	211	1	0.0047
4:3612:184	204	1	0.0049
4:3614:184	1239	7	0.0056
4:3616:184	2916	6	0.0021
4:3660:187	1	0	0
4:3722:190	1	0	0
4:3726:190	1	0	0
4:3727:190	1	0	0
4:3739:191	1200	12	0.01
4:3740:191	157	1	0.0064
4:3741:191	228	0	0
4:3742:191	64	1	0.0156
4:3743:191	74	0	0
4:3744:191	2145	19	0.0089
4:3745:191	952	1	0.0011
4:3746:191	5898	41	0.007
4:3747:191	1323	3	0.0023
4:3748:191	1504	12	0.008
4:3749:191	742	3	0.004
4:3750:191	10592	59	0.0056
4:3751:191	1016	6	0.0059
4:3752:191	6413	39	0.0061
4:3753:191	497	4	0.008
4:3754:191	3166	13	0.0041
4:3755:191	8743	36	0.0041
4:3756:191	9758	69	0.0071
4:587:90	95	1	0.0105
4:589:90	408	2	0.0049
4:590:90	77	2	0.026
4:591:90	119	0	0
4:592:90	284	0	0
4:594:90	93	0	0
4:595:90	105	0	0
4:596:90	510	3	0.0059
4:598:90	562	4	0.0071
4:600:90	542	2	0.0037
4:601:90	8798	33	0.0038
4:603:90	541	1	0.0018
4:853:90	76	1	0.0132
4:854:90	140	0	0
4:855:90	85	0	0
4:856:90	119	0	0
4:857:90	164	0	0
4:858:90	92	0	0
4:859:90	554	0	0
4:860:90	10891	35	0.0032
4:861:90	485	0	0
5:1436:90	74	0	0
5:1437:90	277	1	0.0036
5:1438:90	109	0	0
5:1439:90	105	0	0
5:1440:90	153	0	0
5:1441:90	86	1	0.0116
5:1442:90	81	0	0
5:1443:90	48	2	0.0417
5:1444:90	42	0	0
5:1488:92	300	0	0
5:1489:92	378	0	0
5:1493:92	1800	1	0.0006
5:1494:92	7386	15	0.002
5:1499:92	885	7	0.0079
5:1500:92	489	3	0.0061
5:1522:92	81	0	0
5:1523:92	25	0	0
5:1524:92	82	0	0
5:1525:92	110	0	0
5:1526:92	524	1	0.0019
5:1527:92	239	0	0
5:1528:92	2281	3	0.0013
5:1529:92	647	2	0.0031
5:1530:92	121	0	0
5:1531:92	14	0	0
5:1532:92	1414	9	0.0064
5:1533:92	100	0	0
5:1537:90	78	0	0
5:1538:90	160	0	0
5:1539:90	92	0	0
5:1678:92	163	0	0
5:1679:92	107	0	0
5:1680:92	1134	1	0.0009
5:1681:92	55	0	0
5:1682:92	19	0	0
5:1683:92	21	0	0
5:1837:92	46	0	0
5:1838:92	68	0	0
5:1839:92	2074	9	0.0043
5:1840:92	22	0	0
5:1841:92	911	0	0
5:1842:92	503	3	0.006
5:1843:92	4066	6	0.0015
5:1844:92	160	1	0.0063
5:1848:92	121	0	0
5:1850:92	18	0	0
5:1851:92	611	4	0.0065
5:1852:92	18	0	0
5:2362:132	1	0	0
5:2962:67	883	5	0.0057
5:2963:67	3073	7	0.0023
5:2964:67	469	0	0
5:2965:67	55	0	0
5:2966:67	191	0	0
5:2967:67	2637	8	0.003
5:2968:67	10527	26	0.0025
5:2969:67	742	2	0.0027
5:2970:67	1577	2	0.0013
5:2971:67	538	1	0.0019
5:2972:67	176	1	0.0057
5:2973:67	1345	5	0.0037
5:2974:67	469	1	0.0021
5:2975:67	109	1	0.0092
5:2976:67	95	0	0
5:3025:166	22	0	0
5:3026:166	68	1	0.0147
5:3027:166	47	1	0.0213
5:3028:166	39	0	0
5:3029:166	48	0	0
5:3030:166	25	1	0.04
5:3058:166	615	4	0.0065
5:3059:166	132	1	0.0076
5:3245:174	164	1	0.0061
5:3246:174	228	1	0.0044
5:3247:174	109	1	0.0092
5:3248:174	867	4	0.0046
5:3249:174	48	0	0
5:3250:174	222	2	0.009
5:3251:174	283	0	0
5:3252:174	1161	2	0.0017
5:3253:174	3037	6	0.002
5:3254:174	331	0	0
5:3255:174	48	0	0
5:3256:174	307	1	0.0033
5:3257:174	272	4	0.0147
5:3258:174	686	8	0.0117
5:3259:174	57	0	0
5:3306:166	149	0	0
5:3307:166	138	0	0
5:3308:166	68	0	0
5:3309:166	45	0	0
5:3310:166	48	0	0
5:3354:90	65	0	0
5:3355:90	106	0	0
5:3356:90	118	0	0
5:3357:90	92	0	0
5:3358:90	827	2	0.0024
5:3359:90	179	1	0.0056
5:3360:90	235	1	0.0043
5:3361:90	393	1	0.0025
5:3362:90	150	0	0
5:3363:90	448	1	0.0022
5:3364:90	415	0	0
5:3365:90	77	0	0
5:3367:90	60	0	0
5:3370:90	82	0	0
5:3371:90	38	0	0
5:3402:179	47	0	0
5:3403:179	19	0	0
5:3404:179	9	0	0
5:3405:179	12	0	0
5:3406:179	12	0	0
5:3407:179	463	1	0.0022
5:3408:179	3316	14	0.0042
5:3409:179	160	1	0.0063
5:3410:179	162	0	0
5:3411:179	175	0	0
5:3412:179	209	0	0
5:3413:179	99	2	0.0202
5:3414:179	29	0	0
5:3415:179	174	0	0
5:3416:179	27	0	0
5:3516:183	19	0	0
5:3517:183	11	0	0
5:3518:183	12	0	0
5:3519:183	17	0	0
5:3520:183	329	1	0.003
5:3521:183	18	0	0
5:3522:183	336	1	0.003
5:3523:183	171	0	0
5:3524:183	157	1	0.0064
5:3525:183	2017	4	0.002
5:3526:183	145	1	0.0069
5:3527:183	1251	7	0.0056
5:3529:183	25	0	0
5:3530:183	301	1	0.0033
5:3531:183	21	0	0
5:3532:183	22	0	0
5:3533:183	25	0	0
5:3534:183	98	1	0.0102
5:3550:166	65	0	0
5:3551:166	108	0	0
5:3552:166	65	0	0
5:3553:166	71	0	0
5:3554:166	1045	14	0.0134
5:3598:184	173	2	0.0116
5:3600:184	262	4	0.0153
5:3602:184	8	0	0
5:3604:184	15	0	0
5:3606:184	27	0	0
5:3607:184	2560	15	0.0059
5:3609:184	301	0	0
5:3610:184	162	1	0.0062
5:3611:184	146	1	0.0068
5:3612:184	140	0	0
5:3614:184	82	0	0
5:3616:184	348	0	0
5:3660:187	2	0	0
5:3662:187	1	0	0
5:3722:190	1	0	0
5:3723:190	1	0	0
5:3726:190	1	0	0
5:3727:190	2	0	0
5:3739:191	2569	9	0.0035
5:3740:191	183	1	0.0055
5:3741:191	266	1	0.0038
5:3742:191	56	0	0
5:3743:191	74	1	0.0135
5:3744:191	2752	16	0.0058
5:3745:191	867	6	0.0069
5:3746:191	5520	12	0.0022
5:3747:191	3348	6	0.0018
5:3748:191	11192	47	0.0042
5:3749:191	713	2	0.0028
5:3750:191	6822	32	0.0047
5:3751:191	130	0	0
5:3752:191	897	2	0.0022
5:3753:191	59	0	0
5:3754:191	390	2	0.0051
5:3755:191	1039	13	0.0125
5:3756:191	898	8	0.0089
5:587:90	75	0	0
5:589:90	477	2	0.0042
5:590:90	73	2	0.0274
5:591:90	94	0	0
5:592:90	194	0	0
5:594:90	82	0	0
5:595:90	96	0	0
5:596:90	477	0	0
5:598:90	43	0	0
5:600:90	46	1	0.0217
5:601:90	879	4	0.0046
5:603:90	54	0	0
5:853:90	89	0	0
5:854:90	90	0	0
5:855:90	61	0	0
5:856:90	133	0	0
5:857:90	149	1	0.0067
5:858:90	74	0	0
5:859:90	47	0	0
5:860:90	964	6	0.0062
5:861:90	49	0	0
93:1165:39	1	0	0
97:2823:2	1	0	0
